962884232717522069730696280082662113890994685363 | 43726975272771998631198422782253548493230183606
1202648475784161012661111679973647551417182705879 | 1079628411842221010331882015405313035523815361606
134525756295236291545767820904792734632616628824 | 1305666936676932029996052038816431334223014724770
414354869699436307255159238039803283225150584677 | 214509153079202039547294780286076720147042393024
521167811793246567594339974330873764780875345317 | 1239000362191093586420040386775045714304734027245
1318172861441692723209228776586133473330513870419 | 248711359687651068711767745768767171636388621167
539091653618896498764623370176301022459909716810 | 192077505933167020703506957701858893487071874451
362003424694055109362638201111946036724659999680 | 153019985934738483259147720956244202043282100993
736557687514700215503280911981941217588284581044 | 1112729816097142740580462753025414365880299194192
86767070710275111257398965575738635681168530477 | 1329113616683875799022495339093396933541571573277
13454412979016276246976593993120970784284649306 | 482340927633133421637599903802626637971617479051
1071411326514476181113755305315164453739381279709 | 546163236732457713643228802668912291604742410797
706954899664490370169288599876809870001377649966 | 600454640582850346980091498978266665044644397213
